2331
12	1364	
1364	13	
13	698	
698	14	
14	516	
516	518	
518	15	
15	519	
10	1642	
1642	699	
699	1641	
1641	701	
701	1640	
1640	11	
11	1639	
1639	700	
700	1638	
1638	12	
24	1966	
1966	1587	
1587	386	
386	54	
30	1186	
1186	20	
31	1530	
1530	1198	
1198	388	
388	739	
739	257	
257	1208	
1208	32	
32	258	
258	1492	
1492	738	
738	1601	
1601	387	
387	33	
30	2128	
2128	372	
372	1526	
1526	1527	
1527	31	
68	69	
69	1309	
1309	96	
96	70	
19	63	
785	434	
434	71	
71	281	
281	787	
787	72	
72	1489	
16	1363	
1363	1187	
1187	1449	
206	1381	
1381	1480	
1480	56	
53	1978	
1978	771	
771	532	
532	2041	
2041	2143	
2143	52	
54	577	
577	1571	
1571	576	
576	571	
571	612	
612	159	
159	563	
563	619	
1172	1170	
1170	44	
20	95	
95	1190	
1190	141	
141	94	
94	1206	
1206	93	
93	92	
92	1205	
1205	1204	
1204	91	
91	90	
90	89	
90	1189	
1189	95	
68	2047	
2047	175	
101	2086	
2086	741	
741	102	
104	228	
2089	1084	
1084	112	
112	113	
113	111	
111	114	
114	115	
115	1318	
1318	1231	
1231	2090	
2090	2091	
444	1411	
1411	84	
116	117	
124	1598	
17	1356	
1356	1590	
1590	1647	
1647	1604	
1604	1595	
1595	1588	
1588	1177	
1177	336	
123	317	
86	1339	
1339	693	
693	691	
127	815	
815	308	
308	104	
101	2085	
2085	135	
129	1221	
1221	88	
129	136	
136	137	
137	134	
110	138	
138	139	
139	102	
206	1383	
1383	203	
714	1165	
1165	464	
464	1166	
1166	510	
510	708	
708	1164	
1164	140	
140	1168	
1168	1074	
1074	803	
803	2181	
2181	52	
184	315	
123	2030	
2030	146	
146	150	
150	169	
149	1348	
1348	183	
183	147	
106	1345	
1345	1464	
1464	1463	
1463	829	
829	108	
160	161	
161	1957	
1957	1412	
1412	1419	
1419	162	
162	1691	
58	1975	
1975	1861	
1861	53	
53	538	
538	1721	
1721	255	
163	164	
164	165	
165	166	
166	1999	
1999	1993	
1993	1992	
1992	1928	
1928	328	
328	167	
167	1932	
1932	1940	
1940	1872	
1872	58	
168	833	
833	169	
175	261	
171	176	
147	176	
180	1341	
1341	2062	
2062	181	
181	182	
182	650	
650	177	
183	829	
829	828	
828	182	
184	1477	
1477	1092	
126	1354	
1354	85	
190	191	
191	192	
192	20	
191	473	
473	193	
193	493	
493	238	
188	189	
2275	195	
1076	2131	
2131	2130	
2130	201	
203	2146	
2146	1554	
1554	204	
204	2227	
2227	2231	
2231	205	
2088	1223	
1223	1224	
1224	208	
208	2092	
2092	1230	
1230	2093	
2093	1232	
209	1229	
1229	208	
213	214	
214	215	
216	217	
217	218	
218	219	
220	1552	
1552	221	
221	1553	
1553	222	
234	690	
690	191	
235	1181	
1181	236	
236	1180	
1180	1179	
1179	2183	
2183	237	
237	1178	
1178	238	
19	1524	
1524	408	
408	259	
259	1557	
1557	100	
100	391	
391	27	
124	1350	
1350	1448	
1448	2326	
2326	1648	
1648	125	
125	1384	
1384	1349	
1349	316	
596	1551	
243	2171	
2171	244	
244	245	
245	246	
247	704	
704	18	
247	1404	
1404	1462	
1462	85	
249	460	
460	4	
4	254	
254	251	
251	1488	
1488	5	
5	719	
719	280	
280	731	
731	6	
6	729	
729	718	
718	716	
716	720	
720	7	
7	727	
727	728	
728	8	
252	253	
253	725	
725	273	
256	205	
205	2005	
2005	2001	
2001	594	
594	1556	
1556	50	
255	256	
57	552	
552	1454	
1454	269	
269	52	
19	1525	
1525	1528	
1528	1192	
1192	31	
31	1191	
1191	1522	
1522	1521	
1521	63	
63	2101	
2101	195	
195	234	
234	1515	
1515	60	
225	468	
468	294	
294	343	
559	558	
558	557	
557	1583	
1583	767	
139	262	
263	264	
265	130	
232	1822	
1822	83	
44	271	
38	1171	
1171	1645	
270	38	
271	2208	
2208	436	
436	43	
43	437	
437	42	
42	1481	
1481	520	
284	285	
285	1898	
1898	286	
286	287	
287	288	
288	239	
1194	2267	
2267	2266	
2266	2265	
2265	292	
298	299	
299	300	
297	303	
300	301	
301	1217	
1217	302	
105	2327	
2327	1346	
1346	106	
143	792	
792	312	
304	305	
305	512	
513	309	
310	561	
561	513	
309	1211	
1211	514	
514	814	
814	1210	
1210	306	
306	307	
307	308	
312	313	
313	791	
791	314	
314	315	
316	123	
317	2319	
2319	149	
149	185	
66	1315	
1315	1314	
1314	2045	
2045	2048	
2048	175	
319	2197	
2197	2196	
2196	2195	
2195	320	
320	1420	
1420	1423	
1423	2198	
2198	321	
320	322	
322	323	
323	1434	
1434	324	
324	325	
1924	1925	
1925	1926	
1926	1927	
1927	328	
331	1353	
1353	332	
332	333	
333	334	
334	335	
335	1355	
1355	336	
18	555	
555	707	
707	1320	
1320	554	
554	556	
839	1360	
1360	248	
266	267	
267	268	
268	402	
402	2285	
2285	400	
400	397	
397	394	
394	753	
753	2286	
2286	1752	
16	1362	
1362	248	
330	1202	
1202	289	
289	290	
2142	57	
57	1153	
1153	1152	
1152	344	
344	1146	
1146	1144	
1144	1143	
1143	345	
345	1140	
1140	1139	
1139	1141	
1141	360	
360	1142	
1142	346	
346	1145	
1145	1148	
1148	1150	
1150	347	
347	1151	
1151	348	
346	1138	
1138	1137	
1137	1136	
1136	1134	
1134	1133	
1133	1131	
1131	1128	
1128	1127	
1127	349	
349	802	
802	1130	
1130	350	
350	801	
801	351	
351	630	
630	631	
631	1149	
1149	629	
629	1154	
1154	352	
352	1157	
1157	1159	
1159	353	
353	354	
202	1155	
1155	627	
627	553	
553	355	
596	261	
261	69	
68	834	
69	266	
261	2057	
2057	1469	
1469	2330	
2330	357	
345	1129	
1129	201	
360	1135	
1135	1132	
1132	621	
621	1122	
1122	1120	
1120	1118	
1118	361	
361	1119	
1119	1121	
1121	1124	
1124	1125	
1125	1126	
1126	632	
632	2132	
2132	201	
54	384	
116	120	
118	2164	
2164	2163	
2163	2166	
2166	506	
506	767	
767	119	
119	1746	
1746	120	
371	373	
374	375	
375	1201	
1201	376	
376	377	
377	366	
366	95	
377	1203	
1203	378	
378	508	
508	379	
507	378	
378	380	
380	2098	
2098	2097	
2097	381	
381	369	
384	64	
64	118	
118	246	
246	87	
87	2232	
2232	2162	
2162	2169	
2169	383	
383	1207	
1207	65	
215	591	
591	390	
392	393	
393	26	
62	1750	
1750	396	
396	399	
399	401	
401	403	
144	2083	
2083	145	
145	146	
146	147	
147	592	
592	2190	
2190	108	
144	2282	
2282	394	
394	395	
395	2291	
2291	1672	
1672	396	
399	2292	
2292	398	
398	397	
397	2281	
2281	168	
2280	400	
400	837	
837	2293	
2293	401	
96	402	
2296	403	
238	489	
489	487	
487	194	
194	188	
407	1523	
1523	408	
417	160	
160	23	
122	1380	
1380	211	
211	422	
422	207	
207	56	
60	1512	
1512	390	
390	2279	
2279	703	
703	2277	
2277	61	
61	713	
713	1321	
1321	1504	
1504	62	
28	2301	
2301	2276	
2276	2300	
2300	2275	
2275	407	
407	1520	
1520	2100	
2100	19	
169	241	
241	1093	
1093	2052	
2052	170	
170	2049	
2049	171	
392	1509	
1509	1322	
1322	1507	
1507	556	
27	1517	
1517	1516	
1516	28	
26	711	
711	216	
216	215	
441	1080	
60	28	
84	584	
584	88	
2005	2006	
2006	445	
445	446	
446	448	
448	449	
449	450	
595	447	
447	448	
153	453	
453	452	
452	451	
451	461	
461	278	
455	454	
454	456	
456	717	
717	457	
457	73	
462	459	
459	458	
458	455	
171	1175	
1175	1307	
1307	172	
172	1306	
1306	173	
173	174	
174	702	
702	35	
35	714	
714	712	
712	1163	
1163	465	
465	463	
178	174	
176	813	
813	178	
2152	2151	
2151	199	
199	2200	
2200	634	
40	1669	
177	1173	
1173	1607	
186	590	
590	1670	
18	1748	
1748	2274	
2274	1450	
106	1657	
1657	1344	
1344	1453	
1453	705	
705	1343	
1343	107	
107	180	
180	1340	
1340	86	
108	1176	
1176	109	
109	1466	
1466	2205	
2205	1465	
1465	1666	
1666	177	
29	358	
358	1627	
1627	1624	
1624	240	
240	1310	
52	1455	
1455	2176	
2176	1833	
1833	1832	
1832	1838	
1838	2149	
2149	51	
51	1839	
1839	1077	
1077	29	
175	405	
405	1312	
1312	1313	
261	68	
2287	554	
554	338	
338	472	
470	83	
83	781	
781	469	
130	470	
104	311	
311	1212	
1212	736	
736	1461	
1461	735	
735	84	
472	2297	
2297	395	
395	398	
129	130	
135	129	
101	2087	
2087	749	
749	110	
110	636	
636	1316	
1316	1317	
1317	2091	
2091	34	
250	462	
462	431	
431	2304	
2304	48	
48	2307	
2307	274	
274	2306	
2306	47	
47	2305	
2305	784	
784	1485	
1485	46	
46	1484	
1484	783	
783	1483	
1483	45	
473	495	
492	742	
742	479	
485	489	
483	490	
490	491	
491	492	
488	486	
486	496	
484	494	
492	493	
479	481	
481	482	
482	483	
483	484	
484	2191	
2191	485	
485	486	
495	474	
474	480	
480	475	
475	476	
476	477	
477	478	
478	479	
479	480	
496	487	
497	498	
498	499	
499	500	
500	501	
501	502	
502	503	
503	504	
504	505	
505	560	
560	506	
24	1965	
1965	603	
603	1447	
1447	606	
606	2017	
2017	607	
607	440	
440	1431	
1431	22	
22	321	
321	1963	
1963	417	
310	512	
309	311	
520	1158	
1158	355	
355	706	
706	41	
41	1160	
1160	174	
463	1482	
1482	36	
36	438	
438	37	
37	158	
158	2209	
2209	270	
521	2080	
419	522	
522	420	
303	298	
525	526	
524	523	
523	1039	
1039	861	
528	527	
530	529	
534	533	
533	540	
540	531	
535	536	
536	539	
539	537	
537	550	
550	548	
548	546	
546	544	
544	542	
542	538	
2035	2044	
2044	1610	
540	541	
542	543	
544	545	
546	547	
548	549	
550	551	
1610	779	
779	2268	
2268	552	
39	435	
435	1487	
1487	75	
75	1612	
1612	152	
152	786	
786	432	
432	76	
76	275	
275	77	
77	562	
562	78	
104	128	
128	737	
737	637	
637	638	
638	443	
166	1460	
1460	1459	
1459	284	
284	1942	
1942	840	
840	1853	
1853	29	
134	135	
88	103	
103	263	
263	210	
210	581	
581	815	
102	103	
131	83	
168	144	
70	168	
144	2080	
2080	421	
421	1319	
1319	1753	
1753	18	
403	66	
66	67	
67	1311	
1311	68	
126	331	
336	126	
331	1352	
1352	1351	
1351	124	
184	1600	
1600	1598	
312	105	
752	750	
750	304	
304	143	
295	769	
769	296	
296	233	
1310	406	
406	405	
416	1068	
563	564	
564	565	
565	567	
567	1608	
1608	566	
579	578	
578	577	
574	576	
573	574	
569	570	
570	571	
568	569	
569	572	
572	573	
573	575	
575	579	
228	768	
768	752	
584	585	
585	1771	
1251	1254	
1254	1273	
1273	1276	
1276	1277	
1277	589	
589	1283	
1283	1280	
1280	587	
587	1281	
1281	586	
586	1332	
1332	1333	
1333	588	
592	593	
593	1550	
1550	832	
338	715	
715	337	
337	710	
710	18	
594	2007	
2007	2008	
2008	595	
319	1789	
1789	2012	
2012	2210	
2210	1443	
1443	318	
409	2263	
2263	413	
413	415	
415	414	
414	949	
949	410	
169	148	
148	151	
151	70	
89	243	
243	616	
616	25	
25	1964	
1964	2170	
2170	24	
187	1458	
1458	235	
235	97	
97	1182	
1182	98	
98	99	
99	190	
190	1183	
1183	1184	
1184	1456	
1456	1510	
1510	1511	
1511	60	
189	1907	
1907	364	
598	850	
850	597	
597	600	
598	2259	
2259	599	
599	411	
411	412	
981	359	
602	260	
603	604	
604	605	
605	2264	
2264	606	
607	608	
608	609	
609	610	
610	611	
611	612	
159	2269	
2269	22	
610	613	
614	1947	
1947	1946	
1946	1944	
617	618	
1503	210	
621	622	
627	628	
628	626	
626	624	
624	625	
634	633	
633	635	
177	1174	
1174	426	
426	356	
356	176	
655	681	
671	664	
664	660	
660	643	
643	677	
639	654	
654	645	
645	680	
641	647	
649	1495	
1495	676	
653	667	
658	1239	
1239	684	
667	658	
651	796	
796	663	
685	641	
641	669	
673	656	
665	674	
674	678	
670	648	
644	657	
657	670	
670	673	
673	677	
677	652	
652	682	
678	655	
655	687	
687	649	
649	644	
644	672	
672	794	
794	675	
675	676	
676	679	
679	661	
661	681	
681	797	
797	651	
651	798	
798	799	
799	678	
674	689	
689	666	
663	793	
793	686	
650	685	
687	661	
657	642	
642	668	
668	826	
675	680	
680	688	
688	662	
662	640	
640	653	
653	639	
639	679	
181	665	
664	642	
691	695	
695	692	
694	142	
692	696	
696	694	
50	1609	
1609	1446	
1446	2213	
2213	2215	
2215	2133	
2133	2129	
2129	223	
223	418	
418	2211	
2211	49	
107	1342	
1342	227	
734	732	
732	733	
733	226	
363	226	
142	697	
697	439	
439	789	
789	143	
63	1519	
1519	1518	
1518	30	
746	744	
747	748	
748	743	
743	745	
753	2283	
2283	421	
761	760	
757	763	
756	2072	
2072	2071	
2071	2064	
2064	762	
419	2077	
2077	758	
758	2073	
2073	756	
756	761	
761	755	
755	757	
757	2063	
2063	759	
759	754	
754	420	
427	154	
154	428	
428	155	
155	429	
429	156	
156	157	
157	1486	
1486	430	
430	45	
765	766	
318	770	
770	162	
771	1980	
1980	772	
772	773	
543	774	
545	775	
547	776	
549	777	
551	778	
780	740	
740	133	
133	134	
806	1662	
1662	805	
808	809	
805	804	
804	1329	
1329	1328	
588	808	
809	810	
810	811	
810	807	
807	806	
78	276	
276	1616	
1616	79	
79	433	
433	80	
80	1613	
1613	788	
788	1614	
1614	81	
81	277	
277	82	
82	1646	
1646	278	
278	1615	
1615	0	
813	1605	
1605	812	
812	2119	
2119	2202	
2202	2189	
513	1209	
1209	306	
820	824	
824	1678	
1678	1677	
1677	823	
823	1909	
1909	1673	
1673	404	
822	821	
821	1739	
1739	1827	
826	825	
825	646	
646	683	
683	659	
659	795	
795	662	
363	227	
831	1265	
1265	830	
830	179	
426	832	
832	109	
839	340	
838	839	
834	341	
341	266	
398	837	
837	836	
836	835	
835	834	
1912	817	
817	816	
816	1740	
840	1851	
1851	1904	
1904	1901	
329	848	
848	847	
847	846	
846	326	
510	841	
841	851	
851	854	
854	856	
856	858	
858	861	
861	1499	
1499	866	
866	868	
868	864	
864	860	
968	974	
968	972	
972	844	
980	975	
975	974	
842	907	
907	937	
937	410	
410	965	
965	968	
869	863	
863	857	
857	856	
888	902	
902	908	
908	931	
875	1500	
1500	865	
865	862	
862	858	
924	923	
923	931	
931	950	
950	961	
961	969	
969	976	
976	977	
977	979	
979	978	
939	961	
961	963	
905	910	
910	921	
871	598	
878	869	
869	412	
412	600	
600	859	
902	910	
910	934	
934	946	
976	959	
959	934	
934	919	
919	915	
859	871	
907	877	
877	873	
873	871	
859	855	
855	853	
853	1498	
1498	1497	
1497	852	
852	851	
868	870	
870	872	
872	888	
888	889	
889	893	
893	901	
901	903	
903	904	
904	905	
905	2240	
2240	906	
906	909	
909	913	
913	915	
896	908	
908	922	
973	959	
959	941	
945	941	
941	938	
938	932	
932	926	
926	921	
921	920	
920	916	
916	918	
918	922	
922	925	
925	929	
929	936	
936	939	
939	944	
944	947	
947	945	
897	895	
895	892	
892	890	
890	884	
884	881	
881	878	
878	874	
874	875	
875	876	
876	879	
879	883	
883	887	
887	891	
891	894	
894	896	
896	898	
898	900	
900	899	
899	897	
844	1077	
966	963	
954	951	
943	415	
415	1807	
942	930	
930	413	
863	867	
867	865	
886	885	
885	598	
962	957	
957	414	
935	930	
930	917	
968	957	
957	955	
409	912	
912	914	
914	924	
924	928	
928	933	
951	940	
940	935	
935	927	
927	943	
943	952	
952	955	
955	958	
958	951	
974	964	
964	962	
962	954	
954	942	
942	948	
948	933	
933	917	
917	409	
969	971	
971	970	
970	967	
967	966	
966	960	
960	956	
956	953	
953	950	
887	882	
882	880	
880	872	
897	911	
911	914	
409	886	
886	877	
982	1035	
1035	1028	
1028	1014	
1014	1011	
1011	765	
980	1026	
1026	1031	
1031	1036	
1036	1038	
1033	982	
1037	1824	
1824	1038	
1037	982	
1033	1032	
1032	1030	
1030	1308	
1308	1018	
1018	1007	
1007	2234	
984	987	
987	990	
990	993	
993	995	
995	996	
996	973	
973	1000	
359	1024	
1024	1842	
986	946	
986	989	
989	991	
991	992	
992	994	
994	995	
978	999	
999	1000	
1000	1005	
1005	1006	
1006	1009	
1009	1010	
1010	1012	
1012	1017	
1017	1020	
1020	1021	
1021	1019	
1019	2150	
2150	1013	
1013	1008	
1008	1496	
1496	978	
983	984	
983	915	
1007	2235	
2235	1004	
1004	2055	
973	997	
997	999	
1018	1016	
1016	1015	
1015	1012	
998	2236	
2236	1002	
1002	1004	
1004	1006	
990	988	
988	985	
985	986	
1030	1027	
1027	1025	
1025	1021	
977	1001	
1001	1003	
1003	981	
1023	1034	
1034	1037	
358	1029	
1029	1026	
1026	1023	
1023	1011	
1011	359	
1064	1062	
1062	1061	
1061	1059	
1059	1058	
1058	1057	
1057	1060	
1060	1064	
530	1057	
529	1056	
1056	1051	
1051	528	
525	1045	
1045	1040	
1040	1042	
1042	1048	
1048	527	
526	860	
860	1052	
1052	1054	
1054	1053	
1053	1055	
1055	1056	
1068	1065	
1065	1063	
1063	1062	
860	1050	
1050	1049	
1049	1039	
854	1046	
1046	1047	
1047	1039	
524	1044	
1044	1041	
1041	1043	
1043	1045	
2050	2051	
2051	1067	
1067	1066	
1066	1068	
357	2054	
2054	170	
1072	198	
198	212	
178	625	
625	1072	
1072	1445	
1445	511	
511	2329	
2329	623	
623	1070	
1070	196	
196	1116	
1116	197	
1073	1069	
1069	1071	
1071	2155	
2155	1075	
200	1117	
1117	620	
620	1123	
1123	348	
348	1147	
1147	202	
272	1156	
1156	1161	
1161	1162	
1162	354	
354	1167	
1167	1169	
1169	1074	
62	338	
1078	1313	
24	614	
614	2120	
2120	1723	
1723	1080	
1080	1324	
1324	1079	
1079	166	
290	1225	
1225	1081	
1081	1082	
1082	1226	
1226	289	
1085	209	
209	1084	
1084	1228	
1228	1083	
1083	110	
17	1358	
1358	1622	
1622	1659	
1659	1660	
1660	283	
291	582	
582	583	
583	1089	
1089	1200	
1200	1199	
1199	1088	
1088	292	
292	1087	
1087	290	
1658	225	
248	1361	
1361	1086	
1086	467	
467	224	
224	1658	
1451	1618	
1618	423	
423	425	
425	424	
424	362	
362	1617	
89	1368	
1368	1090	
1090	1559	
1559	747	
747	746	
746	2173	
2173	163	
163	189	
187	2174	
2174	1444	
1444	188	
1313	1825	
1825	1457	
1457	187	
227	827	
827	439	
85	1388	
1388	2026	
2026	123	
1091	1347	
1347	185	
1092	1474	
69	1094	
1094	1095	
1095	2057	
1114	1112	
1112	1113	
1113	1115	
1115	1111	
1111	1110	
1110	1109	
1109	1108	
1108	1107	
1107	1106	
1106	1105	
1105	1104	
1104	1103	
1103	1102	
1102	1101	
1101	1100	
1100	1097	
1097	1099	
1099	1098	
1098	1096	
556	1506	
1506	26	
556	62	
1197	1195	
1228	1227	
1227	2089	
2089	208	
1243	1244	
1244	1245	
1245	1246	
1246	1247	
1247	1249	
1249	1263	
1263	1262	
1262	1260	
1260	1241	
1270	1271	
1271	1279	
1279	1284	
1284	1287	
1287	1288	
1288	1282	
1282	1274	
1274	1267	
1267	1266	
1266	1268	
1268	1271	
1283	1275	
1275	1259	
1259	1256	
1256	1253	
1253	1252	
1252	1250	
1250	1248	
1248	1251	
1251	1255	
1255	1243	
1243	1532	
1532	1235	
1235	1233	
1241	1239	
1298	1335	
1335	1334	
1334	1294	
1301	1302	
1272	1275	
1284	1300	
1269	1272	
1289	1283	
1261	1272	
1300	1303	
1303	1494	
1294	1291	
1291	1290	
1288	1304	
1304	1305	
1285	1548	
1548	1547	
1547	1278	
1278	1546	
1546	1269	
1269	1548	
1276	1258	
1258	1254	
1255	1264	
1264	1270	
1270	1273	
1544	1543	
1543	1536	
1536	1535	
1535	1534	
1534	1533	
1533	1240	
1493	1300	
1300	1286	
1286	1549	
1549	1277	
1290	1289	
1289	1292	
1303	1301	
1301	1293	
1293	1289	
1250	1238	
1238	1237	
1237	1236	
1236	1234	
1293	1295	
1310	404	
404	1078	
1324	1323	
1323	848	
86	466	
466	1337	
1337	1336	
1336	1334	
1334	1332	
1332	1331	
1331	1330	
1330	1328	
1328	1545	
1545	1327	
1327	1452	
1452	1326	
1325	1365	
1365	804	
804	709	
709	588	
588	1298	
1298	1338	
1338	86	
315	790	
790	800	
800	105	
1372	1983	
1983	1374	
1374	1367	
1367	1990	
1990	1377	
1377	1368	
1369	1371	
1371	1366	
1366	1375	
1375	1376	
1376	1373	
1373	1372	
1372	1370	
1370	1369	
2143	2144	
2144	2145	
2145	2175	
2175	2268	
2268	2142	
2142	2146	
2146	1381	
1381	1558	
1558	1379	
1387	1386	
1390	1385	
1386	1384	
1403	1400	
1402	1405	
1404	1402	
1402	1400	
1388	2024	
2024	1390	
1390	1394	
1394	1387	
1405	1403	
1403	1398	
1398	1401	
1400	1399	
1399	1397	
1397	1396	
1396	1395	
1395	1393	
1393	1392	
1392	1391	
1391	1389	
1408	1406	
1406	1407	
1407	1410	
1410	1409	
1409	1408	
1193	1196	
1411	302	
1412	1413	
1413	1414	
1414	1415	
1418	1416	
1442	1441	
1441	1950	
1950	1440	
1440	1418	
1418	1415	
2195	1421	
1422	1417	
1421	1422	
1424	1425	
1425	1426	
1426	1427	
1427	1428	
1428	1424	
1424	601	
1429	2023	
2023	1430	
601	1429	
1428	1432	
1426	2022	
2022	1433	
1437	1434	
1433	1437	
1432	1435	
1435	1436	
1436	2018	
1425	1438	
1438	1439	
1439	1423	
1953	1955	
1955	1954	
242	1451	
1449	392	
1450	1623	
1623	1357	
1357	17	
519	1467	
1467	16	
515	517	
517	1468	
1468	1188	
1188	519	
1471	1476	
1476	1478	
1478	1473	
1473	1472	
1472	1474	
1475	1476	
1619	1479	
1479	1620	
3	764	
764	1491	
1491	722	
722	1	
1	730	
730	1490	
1490	723	
723	2	
2	721	
721	279	
279	726	
726	0	
203	57	
56	55	
55	2134	
2134	1602	
1602	220	
220	1603	
1603	50	
9	2167	
2167	2168	
2168	559	
559	497	
497	2156	
2156	2157	
2157	87	
121	365	
365	509	
509	507	
507	389	
389	59	
59	382	
382	373	
373	1529	
1529	2099	
2099	31	
20	1185	
1185	1569	
1569	21	
21	1470	
1470	89	
2108	2102	
2102	2103	
2103	1524	
1524	2104	
2104	1523	
1191	2110	
2110	2111	
2111	1527	
1527	2112	
2112	2113	
2113	2099	
2099	2114	
2114	2115	
2115	1530	
1530	2116	
2116	2117	
2117	2118	
2118	1192	
1192	1191	
2110	2109	
2109	1521	
1521	1525	
1525	2108	
2108	2118	
1512	1514	
1508	1506	
1506	1504	
1504	1749	
393	1508	
1508	1507	
1507	2287	
1255	1542	
1531	1538	
1542	1541	
1539	1538	
1538	1537	
1537	1540	
1297	1299	
1299	1336	
1295	1296	
1296	1297	
1551	982	
1556	2140	
2140	2138	
2138	2136	
2136	1555	
1568	1567	
1569	1568	
1560	1559	
1561	1560	
1567	1566	
1566	1565	
1565	1564	
1564	1563	
1563	1562	
1562	1561	
557	1575	
1575	1576	
1576	1577	
1576	1579	
1579	1578	
1579	1580	
1581	560	
1582	1583	
1584	1585	
1584	1586	
1585	500	
1588	1589	
1590	1591	
1591	1592	
1592	1668	
283	1596	
1596	1597	
224	1597	
1598	1351	
1598	1599	
1599	297	
297	751	
751	295	
51	1849	
1849	1880	
1880	1865	
1865	2015	
2015	1877	
1877	58	
248	1359	
1359	17	
1607	2188	
2188	40	
1606	1114	
1114	40	
0	252	
1574	1611	
1573	1572	
1572	1570	
1573	1574	
230	1218	
1218	1219	
1219	231	
231	265	
265	1661	
1661	1220	
1220	232	
232	782	
782	342	
342	330	
444	229	
229	296	
296	230	
1621	228	
228	1213	
1213	1214	
1214	1215	
1215	1216	
1216	444	
1478	1619	
1620	1477	
1624	1625	
1625	1626	
1626	1627	
1628	1629	
1836	1632	
1632	1633	
1633	1832	
1474	1091	
185	106	
1637	1636	
1636	1635	
1635	1634	
1634	1637	
45	1172	
1489	73	
73	724	
724	1643	
1643	74	
1645	39	
39	1644	
1644	785	
1649	1652	
1652	1651	
1651	1650	
1650	1649	
1656	1655	
1655	1654	
1654	1653	
1653	1656	
1666	1665	
1668	1667	
1665	1664	
1664	1663	
1667	1593	
1593	1594	
1594	1595	
1669	179	
1670	40	
1675	1677	
1675	1676	
1829	1676	
1678	1914	
1914	1671	
1924	327	
327	1922	
1922	1727	
1727	1679	
1688	1732	
1732	1761	
1761	1758	
1758	1680	
1680	1915	
1915	1694	
1694	846	
1682	1731	
1731	1762	
1762	1695	
1695	1681	
1691	1690	
1690	1689	
1689	1716	
1716	1717	
1717	1682	
1682	1718	
1718	1719	
1719	1688	
1688	1720	
1720	1687	
1687	1686	
1686	1685	
1685	1786	
1786	1738	
1738	1697	
1697	1737	
1737	538	
1689	1729	
1729	1684	
1684	1696	
1696	1683	
1683	1808	
1808	1681	
1681	1680	
1680	1724	
1724	1679	
1679	1921	
1921	1968	
1968	1692	
1692	53	
1694	2123	
2123	1693	
1693	1683	
1696	1695	
1502	1501	
1501	1698	
1698	138	
1682	1699	
1699	1700	
1700	1705	
1705	1707	
1707	1709	
1709	1701	
1701	1702	
1702	1708	
1708	1703	
1703	1706	
1706	1704	
1704	1700	
1705	1706	
1703	1707	
1708	1709	
1699	1715	
1715	1714	
1714	1710	
1710	1711	
1711	1713	
1713	1712	
1712	1715	
1713	1714	
1713	1716	
1716	1757	
1712	1717	
1717	1756	
1704	1718	
1718	1755	
1706	1719	
1719	1754	
1703	2013	
2013	1688	
1708	1720	
1720	1733	
1722	1723	
1917	1726	
1726	1724	
1919	1726	
1726	1725	
1728	1770	
1770	1735	
1735	1734	
1734	1733	
1733	1732	
1732	1754	
1754	1755	
1755	1731	
1731	1756	
1756	1757	
1757	1730	
1730	1729	
119	1742	
1742	1743	
1744	1745	
1745	602	
1745	1741	
2287	1747	
1747	1748	
1749	1750	
1750	472	
472	1751	
1751	1752	
1752	1753	
340	282	
282	1505	
1505	2287	
2299	2298	
2298	2287	
17	838	
1292	1549	
1549	1285	
1763	1758	
1762	1761	
1776	1759	
1759	1760	
1760	1762	
1765	1769	
1769	1777	
1777	1767	
1767	1778	
1778	1764	
1764	1768	
1768	1766	
1766	1765	
585	1772	
1775	1774	
1759	1775	
1774	1773	
1773	1695	
1737	1736	
1736	1728	
1738	1779	
1779	1780	
1780	1737	
1728	1738	
1721	1782	
1782	1783	
1783	1785	
1785	1784	
1786	1781	
1781	1785	
1787	1788	
1422	1787	
1789	1790	
1790	1791	
1792	2009	
2009	1791	
1794	2010	
2010	319	
1798	1797	
1797	1795	
1795	1796	
1796	1799	
1799	1793	
1793	1798	
1800	1801	
1801	1802	
1802	1803	
1803	1804	
1804	1805	
1805	1806	
1806	671	
1809	1808	
1814	1812	
1812	1810	
1810	1811	
1811	1813	
1813	1814	
1819	1818	
1818	1821	
1821	1817	
1817	1820	
1820	1819	
580	213	
213	1195	
1195	1193	
1193	242	
242	515	
215	2303	
2303	2302	
2302	1513	
1513	1514	
1514	28	
1830	1831	
1826	1740	
1827	1826	
1625	1828	
1829	1830	
1831	1674	
1836	1834	
1837	1835	
1835	1629	
1629	1834	
1837	1630	
1630	1631	
1631	1833	
1013	1840	
1841	1028	
1028	1024	
1024	1022	
1842	1033	
1849	1848	
1848	1890	
1890	1889	
1889	1847	
1847	1846	
1846	1845	
1851	1850	
1866	1865	
1854	1853	
1856	1852	
1852	1854	
1855	1859	
1859	1857	
1857	1856	
1858	1860	
1860	1859	
1862	1861	
1880	1878	
1876	1855	
1855	1868	
1868	1867	
1867	1866	
1871	1872	
1877	1875	
1874	1873	
1875	1874	
1874	1876	
1876	1869	
1869	1870	
1870	1873	
1873	1871	
1878	1972	
1972	1879	
1879	1864	
1864	1863	
1863	1862	
1881	1844	
1885	1884	
1884	1883	
1883	1882	
1889	1888	
1888	1887	
1887	1886	
1886	1891	
1891	1843	
1892	1898	
1895	1899	
1899	1892	
1897	1896	
1893	1894	
1896	1893	
1893	1895	
1900	1903	
1903	1897	
1897	1902	
1901	1900	
1904	845	
1887	1885	
1906	1907	
1905	1906	
824	1908	
1908	1905	
1910	1909	
1740	1910	
1910	1828	
1828	240	
1911	1829	
1829	1912	
1913	819	
819	818	
818	1911	
239	845	
845	1671	
1671	1913	
364	849	
849	820	
820	239	
1916	1915	
1917	1916	
1918	1919	
1727	1918	
1923	1920	
1920	1921	
1923	1922	
1926	1923	
1940	1930	
1930	1939	
1939	1938	
1938	1929	
1929	1931	
1931	1932	
1938	1937	
1937	1936	
1936	1935	
1935	1934	
1934	1933	
1942	1941	
1941	1870	
1943	615	
615	616	
1944	1943	
1079	2094	
2094	329	
329	326	
326	1924	
1948	1443	
1949	1948	
1413	1952	
1952	1945	
1945	1951	
1951	1441	
1954	1949	
1442	1953	
1955	1956	
1957	1958	
1958	1959	
1959	1960	
1960	1961	
1961	1962	
1962	1963	
1968	1967	
531	532	
328	1970	
1970	1969	
1971	1889	
1973	1972	
1972	1971	
1863	1973	
1977	1976	
1976	1974	
1974	1975	
1978	1979	
1979	1981	
1981	1980	
1982	1981	
1987	1986	
1986	1985	
1985	1984	
1990	1989	
1989	1987	
1987	1988	
1992	2096	
2096	1991	
1993	1994	
1994	1995	
1999	1998	
1998	1997	
1997	1996	
2002	2000	
2000	2001	
2004	2003	
2003	2002	
2012	2011	
2011	2009	
2009	2010	
2014	2016	
2015	2014	
2017	2019	
2019	2018	
2018	1430	
2022	2021	
2022	2020	
2026	2027	
2027	2025	
2028	2029	
2030	2028	
2032	2031	
2033	2041	
2034	2033	
539	534	
534	2141	
2141	2035	
2038	2036	
2039	2040	
2044	2039	
2040	2038	
2038	2037	
2037	2032	
2032	2043	
2043	2042	
2042	2034	
2047	2046	
2046	2045	
843	2050	
2049	843	
2054	2053	
2053	2052	
2059	2056	
1469	2059	
2059	2058	
2058	96	
2062	2061	
2061	2060	
2068	2067	
2067	2066	
2066	2065	
2065	2064	
2070	2068	
2068	2069	
2069	760	
2074	2076	
2075	2074	
420	2078	
2078	521	
2078	2079	
2083	2082	
2082	2081	
1083	2084	
2094	2095	
2095	2096	
2109	1519	
1519	2107	
2107	2106	
2106	2105	
2105	2101	
2101	2100	
2100	2104	
56	2148	
2148	1378	
1378	1379	
1379	1382	
1382	2147	
369	370	
370	371	
371	2126	
2126	372	
2123	2122	
2122	1823	
1823	2121	
2121	2120	
369	368	
368	367	
367	366	
1431	2124	
2124	2269	
2269	2125	
2126	2127	
2127	2128	
2243	2242	
2250	2244	
2251	2250	
2250	2249	
2249	2248	
2248	2247	
2247	2246	
2246	2245	
2261	2256	
2256	2255	
2255	2254	
2254	2253	
2253	2252	
2258	2257	
411	2262	
2262	2258	
2258	2261	
2261	2260	
292	293	
293	294	
2273	2272	
2274	2273	
2272	2271	
2271	2270	
84	442	
442	233	
233	471	
471	130	
1752	2284	
2284	2283	
2283	2282	
2282	2281	
2281	2280	
2280	402	
1752	337	
337	555	
555	1747	
1747	2290	
2290	339	
339	838	
1747	2289	
2289	2288	
2288	838	
472	2291	
2291	2292	
2292	2293	
2293	2296	
2296	2295	
2295	2294	
2294	835	
195	192	
2276	234	
2279	2278	
2278	216	
2299	340	
16	2299	
132	1222	
1222	2088	
2088	101	
2309	2311	
2319	2310	
2310	2318	
2318	2317	
2317	2316	
2316	2315	
2315	2314	
2314	2309	
2309	2313	
2313	2312	
2324	2323	
2325	2324	
2322	2321	
2326	2308	
2308	2320	
2320	2322	
2322	2325	
2327	2328	
1741	767	
1541	1539	
